2602.00652v1
2602.00594v1
2602.00568v1
2602.03245v1
2602.02980v1
2602.03873v1
2602.03762v2
2602.04307v1
2602.04217v1
2602.00648v1
2602.00604v1
2602.00560v1
2602.01060v1
2602.01758v1
2602.01722v1
2602.01547v1
2601.22306v1
2601.22873v1
2601.22504v1
2601.22390v1
2601.23196v1
2602.03892v1
2601.22288v1
2601.22792v1
2601.22779v1
2602.00914v1
2602.00295v1
2602.01363v1
2602.02198v1
2602.00269v1
2602.01008v1
2602.01249v1
2602.03891v1
2602.01030v1
2602.01634v1
2602.00443v1
2601.23004v1
2602.04796v1
2602.00189v1
2602.03398v1
2602.01861v2
2601.22319v1
2601.22260v1
2601.22480v1
2602.01394v1
2602.01032v1
2602.02725v1
2602.03868v1
2602.02734v2
2602.04776v1
2602.04796
2602.04307
2602.03891
2602.03868
2602.04776
2602.04217
2602.03892
2602.03873
2601.22176
2601.22161
2601.21960
2601.21940
2601.21886
2601.21612
2601.21402
2601.21347
2601.21114
2601.21110
2601.20898
2601.21337
2601.21264
2601.21260
2601.21205
2601.21124
2601.21084
2601.20992
2601.20900
2601.20896
2601.20890
2601.20883
2601.20867
2602.05770
2602.05443
2602.05236
2602.05207
2602.05670
2602.05034
2602.06921
2602.06917
2602.06290
2602.06213
2602.06180
2602.06937
2602.06823
2602.06647
2602.06602
2602.06271
2602.08671
2602.08484
2602.08293
2602.07977
2602.07803
2602.08552
2602.08148
2602.07036
2602.09970
2602.09594
2602.09389
2602.09321
2602.09044
2602.09043
2602.09040
2602.10058
2602.09823
2602.09233
2602.09210
2602.09070
2602.09042
2602.09041
2602.10829
2602.10716
2602.10666
2602.10656
2602.11145
2602.11072
2602.10934
2602.10439
2602.10230
2602.10166
2602.10164
2602.11670
2602.11546
2602.11477
2602.11896
2602.11488
2602.12986
2602.12546
2602.12299
2602.12746
2602.12304
2602.12301
2602.12287
2602.14785
2602.14686
2602.14671
2602.14612
2602.14584
2602.13761
2602.14291
2602.13834
2602.13787
2602.13596
2602.13532
2602.13263
2602.13259
2602.15519
2602.15484
2602.15307
2602.15749
2602.15651
2602.15537
2602.16421
2602.16416
2602.16399
2602.16256
2602.16253
2602.15909
2602.16687
2602.16442
2602.16118
2602.17157
2602.17598
2602.16721
